t = 9.58/3600;
s = 100/1000;
hundred = s/t
time = 2 + 1/60 + 39/3600;
d = 42.195;
marathon = d/time