P = 1000;
r = 10/100;
n = 2;
debt = P*(1+r)^(n)