odds = [1:2:99]
evens = [100:-2:2]